No One
NONE
0	0	0	0	0	0	0	-100	-100	0	255	255	255	255
Father Warmstone
FATHER_WARMSTONE
1	0	0	0	2	0	5	101363	63433.1	0	255	255	255	255
Cindy Candy
CINDYTAG
2	0	0	0	2	0	14	102016	64065.7	0	255	255	255	255
Bridge Guard 2
GUARD
3	0	0	0	1	1	7	102735	63132.4	0	255	255	255	255
Bridge Guard 1
GUARD
4	0	0	0	1	1	7	102735	63132.4	0	255	255	255	255
The Guard
LEFT_GUARD_WP
5	0	0	0	2	1	18	101117	64302.5	0	255	255	255	255
Training Hall Attendant
GIRL_IN_T_HALL
6	0	0	0	1	3	17	102016	62988.5	0	255	255	255	255
The Wizard
WIZARD
7	0	0	0	2	0	23	103118	62092.6	0	255	255	255	255
Angus McGee
BASIC_STORE
10	4	0	0	3	0	37	101535	63821.7	0	255	255	255	255
The Guard
SHOP_GUARD
11	0	0	0	0	0	20	101329	64434.4	0	255	255	255	255
Nice Lady
NICE_LADY
12	0	0	0	0	2	33	101401	63908.6	0	255	255	255	255
Horse
HORSE
13	0	0	0	0	2	38	101215	64045	0	255	255	255	255
New Guy
WOODTOWN-HARPER
14	0	0	0	0	2	11	101488	64578.2	0	255	255	255	255
Inn Patron
WT_PATRON2
15	0	0	0	0	1	14	101527	64399.7	0	255	255	255	255
Inn Patron
WT_PATRON1
16	0	0	0	0	0	13	101362	64304.4	0	255	255	255	255
Inn Patron
WT_PATRON4
17	0	0	0	0	0	15	101481	63870.7	0	255	255	255	255
Inn Patron
WT_PATRON6
18	0	0	0	0	0	2	101520	64651.7	0	255	255	255	255
Inn Patron
WT_PATRON5
19	0	0	0	0	2	16	101233	64528.2	0	255	255	255	255
Inn Patron
Inventory_Cleaner
20	0	0	0	0	2	1	101512	64496.8	0	255	255	255	255
Barkeep
WOODTOWN_BARKEEP
21	0	0	0	1	2	22	101306	64240	0	255	255	255	255
Bed
InnBed
22	0	0	0	0	0	41	101456	64193	1	255	255	255	255
Bed
InnBed
23	0	0	0	0	0	41	101310	64195	1	255	255	255	255
Bed
InnBed
24	0	0	0	0	0	41	101202	64485.2	1	255	255	255	255
Bed
InnBed
25	0	0	0	0	0	41	101551	64483.4	1	255	255	255	255
Bed
InnBed
26	0	0	0	0	0	41	101200	64614.2	1	255	255	255	255
Bed
InnBed
27	0	0	0	0	0	41	101551	64608.6	1	255	255	255	255
Bed
InnBed
29	0	0	0	0	0	41	101552	64737.2	1	255	255	255	255
Bed
InnBed
30	0	0	0	0	0	41	101202	64739.6	1	255	255	255	255
New Guy
InnBed
31	0	0	0	0	0	41	102212	64321.3	0	255	255	255	255
