#  Tag >> Area.left >> Area.top >> Area.width >> Area.height >> ZLevel
Game_Start	102176	64358.6	59.2031	55.5977	0	
Blue_Dragon	102050	64215.8	41.2111	41.1794	0	
Send_Home	103585	62914	61.6016	59.7969	2	
Act_1_Boss_Fight	102373	66498.2	108.398	151.61	-1	
No_Combat_Zone	101028	63296.7	701.796	320.797	0	
No_Combat_Zone	102339	63392	254.203	282.402	0	
No_Combat_Zone	102176	63745.3	352	346.598	0	
No_Combat_Zone	101344	63712.8	386.797	253.602	0	
No_Combat_Zone	101152	64127.7	482.195	672.398	0	
No_Combat_Zone	101973	62941.3	89.1875	416.195	0	
No_Combat_Zone	99517.6	64352.5	515.203	441.398	0	
Test	99723.2	64877.5	100	100	0	
Test	99976.7	64937.2	100	100	0	
No_Combat_Zone	101115	64118.7	541.602	687.301	1	
